Caro: 146.850006104eu/MWh
Barato: 98.2099990845eu/MWh
Actual: 121.720001221eu/MWh  (11:00-12:00)